0.000000000000000000e+00 2.890000000000000568e+00
1.638170032125217113e-01 2.621928973838046240e+00
3.276340064250434225e-01 2.032212711884805234e+00
4.914510096375651615e-01 1.532720141910512313e+00
6.552680128500868451e-01 1.311448646827356956e+00
8.190850160626085286e-01 1.206537581497260092e+00
9.829020192751303231e-01 9.848896153622542782e-01
1.146719022487652007e+00 6.504932707486907884e-01
1.310536025700173690e+00 4.097665141717474202e-01
1.474353028912695374e+00 3.780081746543593191e-01
1.638170032125217057e+00 4.280036662788504476e-01
1.801987035337738741e+00 3.711169969477751129e-01
1.965804038550260646e+00 2.196588182712953252e-01
2.129621041762782330e+00 1.812777585395377311e-01
2.293438044975304013e+00 3.918158426575890085e-01
2.457255048187825697e+00 7.293287959466090431e-01
2.621072051400347380e+00 9.411204583720071959e-01
2.784889054612869064e+00 9.178326115579735767e-01
2.948706057825390747e+00 7.791554594585612392e-01
3.112523061037912431e+00 6.918485103004584635e-01
3.276340064250434114e+00 6.711765539547308590e-01
3.440157067462955798e+00 6.040797220296793002e-01
3.603974070675477481e+00 4.273577800432635798e-01
3.767791073887999165e+00 2.126872301141306820e-01
3.931608077100521292e+00 6.794458063524466684e-02
4.095425080313042976e+00 1.569391215434339654e-02
4.259242083525564659e+00 1.241128913678984230e-02
4.423059086738086343e+00 5.118419698429493847e-02
4.586876089950608026e+00 1.758141520549888481e-01
4.750693093163129710e+00 3.835028489470732604e-01
4.914510096375651393e+00 5.769755329774314268e-01
5.078327099588173077e+00 6.653392504490540649e-01
5.242144102800694760e+00 6.851471862576137273e-01
5.405961106013216444e+00 7.542709247386316651e-01
5.569778109225738127e+00 8.929948799632531076e-01
5.733595112438259811e+00 9.541845203080349114e-01
5.897412115650781494e+00 7.887814983451124640e-01
6.061229118863303178e+00 4.571524224045108165e-01
6.225046122075824861e+00 2.035045449660934924e-01
6.388863125288346545e+00 1.955982035164549326e-01
6.552680128500868229e+00 3.432878521762341428e-01
6.716497131713389912e+00 4.287399103859482197e-01
6.880314134925911596e+00 3.886213738221576675e-01
7.044131138138433279e+00 3.875276368997950804e-01
7.207948141350954963e+00 5.879230138678498419e-01
7.371765144563476646e+00 9.217601666437719166e-01
7.535582147775998330e+00 1.175866493428863180e+00
7.699399150988520013e+00 1.290159845065260047e+00
7.863216154201042585e+00 1.467200867532530095e+00
8.027033157413564268e+00 1.913655587305673977e+00
8.190850160626085952e+00 2.516556037667392332e+00
8.354667163838607635e+00 2.878469133407261182e+00
8.518484167051129319e+00 2.713706199383751017e+00
8.682301170263651002e+00 2.155252865322766276e+00
8.846118173476172686e+00 1.610700831841997971e+00
9.009935176688694369e+00 1.337631621469124621e+00
9.173752179901216053e+00 1.231595300994867470e+00
9.337569183113737736e+00 1.042724485692137382e+00
9.501386186326259420e+00 7.171810007603530712e-01
9.665203189538781103e+00 4.413196019279201909e-01
9.829020192751302787e+00 3.709042973339773952e-01
9.992837195963824470e+00 4.222042637677813626e-01
1.015665419917634615e+01 3.943982285818438127e-01
1.032047120238886784e+01 2.485167327602418597e-01
1.048428820560138952e+01 1.700000000000007061e-01
1.064810520881391120e+01 3.320532803587337156e-01
1.081192221202643289e+01 6.642859643882158549e-01
1.097573921523895457e+01 9.177782210396797646e-01
1.113955621845147625e+01 9.378989689686419995e-01
1.130337322166399794e+01 8.067006012323152397e-01
1.146719022487651962e+01 7.017069814627018287e-01
1.163100722808904131e+01 6.749432071828807000e-01
1.179482423130156299e+01 6.262671736497392727e-01
1.195864123451408467e+01 4.695696175521362759e-01
1.212245823772660636e+01 2.527102463148671596e-01
1.228627524093912804e+01 8.866171064114006239e-02
1.245009224415164972e+01 2.076676911660187835e-02
1.261390924736417141e+01 1.058448378200362722e-02
1.277772625057669309e+01 3.803351728884182825e-02
1.294154325378921477e+01 1.426494979793753726e-01
1.310536025700173646e+01 3.390733024471631607e-01
1.326917726021425814e+01 5.451687937503010284e-01
1.343299426342677982e+01 6.564242894768773651e-01
1.359681126663930151e+01 6.807865130587690272e-01
1.376062826985182319e+01 7.328336961908861191e-01
1.392444527306434487e+01 8.650902502007659090e-01
1.408826227627686656e+01 9.573898119509552940e-01
1.425207927948938824e+01 8.408699258230876161e-01
1.441589628270190993e+01 5.258927930622018243e-01
1.457971328591443161e+01 2.365525015061916148e-01
1.474353028912695329e+01 1.782523008929424169e-01
1.490734729233947498e+01 3.123633988464916689e-01
1.507116429555199666e+01 4.235602936881030511e-01
1.523498129876451834e+01 4.008020963628981526e-01
1.539879830197704003e+01 3.742548674572154233e-01
1.556261530518956171e+01 5.312716542841777745e-01
1.572643230840208517e+01 8.548528137423825335e-01
1.589024931161460685e+01 1.138564469380261235e+00
1.605406631482712854e+01 1.271329100960529868e+00
1.621788331803965022e+01 1.413669163155633068e+00
1.638170032125217190e+01 1.802458730500999806e+00
1.654551732446469359e+01 2.401140818033713487e+00
1.670933432767721527e+01 2.844294687436430547e+00
1.687315133088973695e+01 2.788710609681588792e+00
1.703696833410225864e+01 2.279443316621253324e+00
1.720078533731478032e+01 1.700925707857191327e+00
1.736460234052730200e+01 1.371023808422333401e+00
1.752841934373982369e+01 1.252550928136664243e+00
1.769223634695234537e+01 1.094156373385623882e+00
1.785605335016486706e+01 7.859900318632245808e-01
1.801987035337738874e+01 4.820361886514984984e-01
1.818368735658991042e+01 3.691270106803806739e-01
1.834750435980243211e+01 4.126053716482972478e-01
1.851132136301495379e+01 4.120778577144204591e-01
1.867513836622747547e+01 2.801121713703782490e-01
1.883895536943999716e+01 1.692834024049749420e-01
1.900277237265251884e+01 2.797785758292554714e-01
1.916658937586504052e+01 5.957198898214102201e-01
1.933040637907756221e+01 8.841924813255747084e-01
1.949422338229008389e+01 9.515678121440267478e-01
1.965804038550260557e+01 8.358024686887258747e-01
1.982185738871512726e+01 7.152838095177165290e-01
1.998567439192764894e+01 6.777595799824305267e-01
2.014949139514017062e+01 6.436013790734901319e-01
2.031330839835269231e+01 5.091334122808179874e-01
2.047712540156521399e+01 2.951387445083917815e-01
2.064094240477773567e+01 1.135487137867004226e-01
2.080475940799025736e+01 2.805471419084570872e-02
2.096857641120277904e+01 1.000000000000000715e-02
2.113239341441530073e+01 2.805471419084482748e-02
2.129621041762782241e+01 1.135487137866978413e-01
2.146002742084034409e+01 2.951387445083829553e-01
2.162384442405286578e+01 5.091334122808129914e-01
2.178766142726538746e+01 6.436013790734852469e-01
2.195147843047790914e+01 6.777595799824336353e-01
2.211529543369043083e+01 7.152838095177128652e-01
2.227911243690295251e+01 8.358024686887162158e-01
2.244292944011547419e+01 9.515678121440171999e-01
2.260674644332799588e+01 8.841924813255733762e-01
2.277056344654051756e+01 5.957198898214161042e-01
2.293438044975303924e+01 2.797785758292645197e-01
2.309819745296556093e+01 1.692834024049729991e-01
2.326201445617808261e+01 2.801121713703720317e-01
2.342583145939060429e+01 4.120778577144180166e-01
2.358964846260312598e+01 4.126053716483022438e-01
2.375346546581564766e+01 3.691270106803860584e-01
2.391728246902816934e+01 4.820361886514920591e-01
2.408109947224069103e+01 7.859900318632146998e-01
2.424491647545321271e+01 1.094156373385626546e+00
2.440873347866573440e+01 1.252550928136659802e+00
2.457255048187825608e+01 1.371023808422330292e+00
2.473636748509077776e+01 1.700925707857184888e+00
2.490018448830329945e+01 2.279443316621233340e+00
2.506400149151582113e+01 2.788710609681583019e+00
2.522781849472834281e+01 2.844294687436436764e+00
2.539163549794086450e+01 2.401140818033731694e+00
2.555545250115338618e+01 1.802458730501009354e+00
2.571926950436590786e+01 1.413669163155624187e+00
2.588308650757842955e+01 1.271329100960534308e+00
2.604690351079095123e+01 1.138564469380267008e+00
2.621072051400347291e+01 8.548528137423969664e-01
2.637453751721599460e+01 5.312716542841884326e-01
2.653835452042851628e+01 3.742548674572169221e-01
2.670217152364103796e+01 4.008020963628944888e-01
2.686598852685355965e+01 4.235602936881030511e-01
2.702980553006608133e+01 3.123633988465003841e-01
2.719362253327860302e+01 1.782523008929467745e-01
2.735743953649112470e+01 2.365525015061842595e-01
2.752125653970364638e+01 5.258927930621900559e-01
2.768507354291616807e+01 8.408699258230797335e-01
2.784889054612868975e+01 9.573898119509596238e-01
2.801270754934121143e+01 8.650902502007790096e-01
2.817652455255373312e+01 7.328336961908903380e-01
2.834034155576625480e+01 6.807865130587691382e-01
2.850415855897877648e+01 6.564242894768754777e-01
2.866797556219129817e+01 5.451687937503076897e-01
2.883179256540381985e+01 3.390733024471714319e-01
2.899560956861634153e+01 1.426494979793823947e-01
2.915942657182886322e+01 3.803351728884360461e-02
2.932324357504138490e+01 1.058448378200388569e-02
2.948706057825390658e+01 2.076676911660082017e-02
2.965087758146642827e+01 8.866171064113599620e-02
2.981469458467894995e+01 2.527102463148599987e-01
2.997851158789147163e+01 4.695696175521313909e-01
3.014232859110399332e+01 6.262671736497454900e-01
3.030614559431651500e+01 6.749432071828828095e-01
3.046996259752903669e+01 7.017069814627022728e-01
3.063377960074155837e+01 8.067006012323020281e-01
3.079759660395408005e+01 9.378989689686373366e-01
3.096141360716660174e+01 9.177782210396762119e-01
3.112523061037912342e+01 6.642859643882268461e-01
3.128904761359164510e+01 3.320532803587443182e-01
3.145286461680417034e+01 1.699999999999998179e-01
3.161668162001669202e+01 2.485167327602415266e-01
3.178049862322921371e+01 3.943982285818415923e-01
3.194431562644173539e+01 4.222042637677856924e-01
3.210813262965425707e+01 3.709042973339775062e-01
3.227194963286677876e+01 4.413196019279190252e-01
3.243576663607930044e+01 7.171810007603525161e-01
3.259958363929182212e+01 1.042724485692125613e+00
3.276340064250434381e+01 1.231595300994871467e+00
3.292721764571686549e+01 1.337631621469121956e+00
3.309103464892938717e+01 1.610700831842001302e+00
3.325485165214190886e+01 2.155252865322756506e+00
3.341866865535443054e+01 2.713706199383747464e+00
3.358248565856695222e+01 2.878469133407264735e+00
3.374630266177947391e+01 2.516556037667403434e+00
3.391011966499199559e+01 1.913655587305685080e+00
3.407393666820451728e+01 1.467200867532535424e+00
3.423775367141703896e+01 1.290159845065256050e+00
3.440157067462956064e+01 1.175866493428859849e+00
3.456538767784208233e+01 9.217601666437800212e-01
3.472920468105460401e+01 5.879230138678616102e-01
3.489302168426712569e+01 3.875276368997954690e-01
3.505683868747964738e+01 3.886213738221563352e-01
3.522065569069216906e+01 4.287399103859453331e-01
3.538447269390469074e+01 3.432878521762383062e-01
3.554828969711721243e+01 1.955982035164599286e-01
3.571210670032973411e+01 2.035045449660916883e-01
3.587592370354225579e+01 4.571524224045048213e-01
3.603974070675477748e+01 7.887814983451114648e-01
3.620355770996729916e+01 9.541845203080414617e-01
3.636737471317982084e+01 8.929948799632705381e-01
3.653119171639234253e+01 7.542709247386357729e-01
3.669500871960486421e+01 6.851471862576150595e-01
3.685882572281738589e+01 6.653392504490491799e-01
3.702264272602990758e+01 5.769755329774330921e-01
3.718645972924242926e+01 3.835028489470768132e-01
3.735027673245495095e+01 1.758141520549945658e-01
3.751409373566747263e+01 5.118419698429725606e-02
3.767791073887999431e+01 1.241128913679040088e-02
3.784172774209251600e+01 1.569391215434233836e-02
3.800554474530503768e+01 6.794458063524290437e-02
3.816936174851755936e+01 2.126872301141277122e-01
3.833317875173008105e+01 4.273577800432579177e-01
3.849699575494260273e+01 6.040797220296780790e-01
3.866081275815512441e+01 6.711765539547313031e-01
3.882462976136764610e+01 6.918485103004560210e-01
3.898844676458016778e+01 7.791554594585531346e-01
3.915226376779268946e+01 9.178326115579582556e-01
3.931608077100521115e+01 9.411204583719993133e-01
3.947989777421773283e+01 7.293287959466168147e-01
3.964371477743025451e+01 3.918158426575908404e-01
3.980753178064277620e+01 1.812777585395382307e-01
3.997134878385529788e+01 2.196588182712879422e-01
4.013516578706781956e+01 3.711169969477717268e-01
4.029898279028034125e+01 4.280036662788514468e-01
4.046279979349286293e+01 3.780081746543647592e-01
4.062661679670538462e+01 4.097665141717433124e-01
4.079043379991790630e+01 6.504932707486785759e-01
4.095425080313042798e+01 9.848896153622467287e-01
4.111806780634294967e+01 1.206537581497253653e+00
4.128188480955547135e+01 1.311448646827348297e+00
4.144570181276799303e+01 1.532720141910499656e+00
4.160951881598051472e+01 2.032212711884796352e+00
4.177333581919303640e+01 2.621928973838032473e+00
